Results: 
rt_initHeu: 0.000175265
rt_search: 0.000340499
timeout: 0
N: 1
Label: 11
[4,6,8,]
1 3 4 5 
